Numerical mathematics
Gauss method for systems of linear equations.
System:
       2     -20       3      17      18       3     -20      13 |      -79
     -16      -6      16      19      -7      -8     -12       0 |     -230
     -16      -7     -15      -4      -9       3     -15       2 |      308
      15     -10      19     -13       6     -14      19      19 |       85
      19      -3       5     -16      -8      -5      -4       1 |     -351
      -4       0      19      -6       4     -20      11     -13 |      -59
      18       7       3     -12       9      -4     -18       2 |     -747
       1      -9     -20      -9      14      -9      -8       1 |      226
Roots:
     -17     -20     -10      -7       3      10      19       0
Finished.